1 30518
2 11135
3 23894
4 26666
5 10239
6 30457
7 31042
8 261
9 31110
10 1768
11 4617
12 19491
13 14877
14 25728
15 10940
16 23162
17 4105
18 18845
19 29394
20 15875
21 23814
22 20168
23 17327
24 18220
25 22375
26 18279
27 22646
28 14862
29 5024
30 5916
31 15274
32 21616
33 10909
34 12425
35 8398
36 18027
37 15742
38 9639
39 6216
40 14533
41 16952
42 30786
43 23409
44 23517
45 18242
46 20766
47 18735
48 19428
49 27971
50 21405
51 3267
52 27709
53 18810
54 9199
55 17172
56 612
57 2578
58 20137
59 23989
60 15522
61 14226
62 28949
63 16243
64 17879
65 19078
66 23239
67 22164
68 4150
69 1334
70 16066
71 25804
72 13425
73 27427
74 19731
75 9823
76 15423
77 21900
78 31731
79 17316
80 26074
81 20795
82 6403
83 13007
84 23258
85 15397
86 17801
87 16182
88 31357
89 15457
90 10834
91 31993
92 30441
93 26848
94 20379
95 27607
96 2861
97 17085
98 16466
99 22651
100 30908
101 5415
102 26608
103 16194
104 12341
105 10338
106 30482
107 20540
108 8093
109 12330
110 22087
111 26525
112 5034
113 12769
114 27331
115 24959
116 24014
117 14991
118 17042
119 763
120 23795
121 28450
122 12091
123 31942
124 12446
125 32611
126 19660
127 9857
128 7801
129 20429
130 13605
131 19637
132 14592
133 18365
134 27397
135 13052
136 23954
137 11389
138 18876
139 730
140 21454
141 1391
142 28870
143 27052
144 19319
145 7666
146 14708
147 762
148 10782
149 8069
150 22549
151 22647
152 5633
153 11443
154 13600
155 21905
156 22956
157 16444
158 12101
159 27994
160 25256
161 8777
162 1060
163 26916
164 19589
165 23543
166 30005
167 8081
168 5371
169 4414
170 14393
171 22496
172 17795
173 9404
174 28652
175 6992
176 8967
177 23983
178 9117
179 15598
180 17028
181 28095
182 13499
183 2594
184 23649
185 31606
186 5218
187 15537
188 9063
189 23550
190 2478
191 9380
192 19359
193 13721
194 28678
195 18114
196 1379
197 10183
198 6381
199 4704
200 5078
